807
1760
6163
9425
462
1685
3632
6125
774
93
4107
1591
2479
662
1293
2148
66
4155
4658
9519
156
2165
106
276
3014
449
1866
699
4875
0
73
5267
31
122
1119
7675
172
3803
1355
522
9269
1248
9809
10151
264
6125
6359
1967
2741
7645
3583
1143
453
3221
4715
2775
879
1280
3139
201
264
2215
2729
142
3249
974
42
1292
5920
3351
3037
1351
3621
640
1707
308
1005
126
2519
1547
58
150
589
800
11699
2775
2651
10799
4823
758
6359
5963
1022
4577
4263
9527
2039
120
10403
5879
4887
1855
4503
54
4789
27
1081
365
2503
5331
5228
288
39
50
699
3087
13769
4545
5279
459
4823
7775
12
11993
7361
4191
2285
73
12575
977
21095
56
409
1035
13175
5237
475
217
11159
440
2479
4725
6128
3993
124
3784
338
3833
1563
10457
6959
3667
363
4875
2987
7255
2003
2837
6839
90
5109
6243
102
7895
42
10799
7115
923
603
2199
1903
5515
4191
475
762
5235
4843
2850
3600
2775
793
1604
5303
2479
889
8195
8253
5865
2433
2519
4591
4145
12199
4094
1620
2457
4145
2979
54
768
4928
11507
1111
4193
3843
4439
923
348
2361
3473
2293
1425
2546
1688
1368
2192
315
743
193
1648
17222
2017
1793
122
455
4095
3435
4143
4571
11283
439
331
175
8892
2837
6659
1469
959
887
2480
3393
5030
85
54
3839
4589
6767
1373
792
2815
565
3058
192
4879
1927
7395
1166
420
17663
560
1050
2012
2732
56
1704
9725
2519
3687
9593
13803
1031
7709
7263
2319
4887
2113
2651
4095
10539
819
3251
345
9695
3983
0
2471
1177
3037
1503
4323
1353
1651
10497
5879
91
1763
1289
1763
4601
5879
13175
6021
75
3375
956
1013
637
5355
108
6127
1340
4380
338
1121
254
1055
7025
14639
879
5279
139
1259
41
854
9103
50
6007
6473
3335
1591
16079
3428
9695
202
11831
598
1188
962
5030
6895
581
1137
1340
138
1712
1166
2165
2233
8787
1763
4204
4244
1183
2039
775
2811
779
675
2667
941
735
532
5461
3029
4985
2162
4283
297
400
11859
7331
22019
10975
879
500
1355
1239
11831
1575
9175
1415
1519
2619
1593
927
3728
3911
3639
13175
433
7127
107
1098
4725
1925
16799
2017
2635
311
3341
4439
440
1547
823
2919
961
248
2357
1031
1459
2491
7295
768
2631
13455
735
2024
11075
3893
2813
896
617
6895
3849
5087
470
2561
1967
5499
6809
1013
923
1394
14669
3752
8253
3855
2486
2325
1425
5597
0
135
36
10127
1591
2066
3803
533
758
1502
1393
315
6475
554
2969
61
439
164
11699
139
768
76
13175
5591
1393
16704
5947
5945
1142
2103
3855
80
6887
7746
560
909
2867
6559
1050
5
2330
1737
1625
54
582
13475
4571
7799
20735
395
2479
2969
296
609
5175
6659
155
1743
449
395
53
2777
9603
3521
2629
77
4805
5267
5237
503
107
3287
671
3869
352
1337
7403
1360
1355
77
1697
3315
9985
589
2385
5030
2279
195
1625
5763
2515
8
393
158
53
6137
1098
120
567
809
689
1877
440
4244
4706
1563
3422
899
1055
8699
603
90
527
4706
462
7295
2535
468
4887
2741
13049
585
6659
3731
172
89
2457
521
189
1143
974
1593
4615
5837
4095
887
1013
248
2162
1139
216
3095
175
1518
4535
1886
1401
1058
2094
68
9771
12199
1081
1903
1760
44
255
143
21
475
1141
1343
1431
3287
257
14135
697
1074
2883
10643
1927
768
8525
3251
313
637
7495
7709
1920
1742
2785
6511
1917
225
4879
4805
3251
5333
470
9519
961
8471
4743
1611
168
4225
807
48
143
491
301
4039
1795
2619
285
1343
1293
0
2193
14129
128
2052
581
4244
2793
7115
7499
825
2194
684
888
4503
2850
8253
2105
2443
9103
7775
4094
680
1425
72
231
5561
527
825
2045
239
3779
6521
16267
383
35
78
4697
1905
5623
14219
12023
331
3139
1769
121
9939
5819
2917
53
530
1697
8799
3287
5563
235
253
971
3422
2544
7883
1575
638
5237
4535
4535
9135
1459
4704
9983
2937
4211
4704
1292
311
5279
4256
2454
120
280
39
120
4601
16267
203
601
3803
3095
466
60
684
4121
5403
221
5471
1035
4876
3547
0
2103
2240
3287
1367
155
83
3769
775
284
5733
301
533
8199
57
5303
4263
16973
5975
9455
360
1519
10497
6635
2336
692
1005
155
2624
1465
1510
832
1355
2813
4102
680
1447
2417
593
1202
4985
1355
7115
1003
5519
11753
10667
3609
3053
4195
7127
21119
1793
466
8015
2643
2593
12339
2808
216
3107
108
7263
1259
195
1139
122
2022
5669
1539
17394
3351
3278
441
105
7001
15287
52
65
2360
92
3107
2045
3087
96
459
5331
2079
42
889
52
2271
75
153
8729
175
1568
624
34
6507
4502
11159
2309
6285
1355
520
4506
941
1763
91
3281
8015
2016
797
4360
1737
4271
6895
913
7331
4589
809
2022
1166
9383
73
13475
2834
128
12437
64
1057
734
535
1704
1081
2868
512
1603
360
1808
27
444
4759
6873
2381
3177
7721
1425
3356
139
977
870
695
12863
968
1039
1920
11619
54
567
1248
84
395
3779
680
3014
4615
39
2126
118
6743
1224
273
360
4599
506
3752
1987
1567
762
35
185
12383
1670
4506
3037
4887
13239
0
530
1760
4745
6767
3547
7495
2295
200
5849
395
2271
9287
280
603
1725
126
182
10323
313
4181
900
739
459
33
9939
3014
139
122
8251
5075
962
5197
1518
15719
0
13031
7709
344
13271
1503
640
2871
1510
105
4199
982
11719
462
3845
3789
6367
1655
150
4805
152
10182
1281
1259
633
879
988
3583
959
17339
