112081
110895
370031
245227
729563
46815
97235
110491
494423
298335
14117
1122707
455771
73443
234121
169657
50673
129374
7944
475682
34521
676047
47502
766
33145
552863
121404
478649
332279
74345
2030671
19371
14603
15390
228446
858203
658997
122264
431699
144377
372695
161513
11697
561097
38089
135843
257985
128489
562479
26289
499607
71614
323833
408983
664913
578471
774815
62913
154745
37877
40886
770059
261267
359411
231919
40898
181639
401585
151331
69468
825635
287471
41848
1025163
371523
176687
800279
226897
7782
250047
629823
432541
155063
31436
220262
75047
970899
859013
33863
29264
1116511
86694
107876
50553
778183
283163
273243
944851
124735
50237
