1000
93436
258070
357247
723975
335616
29120
441324
30326
240520
3520
123723
441094
40755
4524
181976
79590
187248
644360
257040
163012
31790
148740
374
276185
137362
751124
315675
82570
29666
651751
143500
307776
225720
144232
87750
127204
219833
118265
69564
45474
58395
38556
125762
47550
145302
333123
291856
97544
139500
323028
516040
71390
37710
28980
109968
59850
855049
294882
59920
2340
166950
129177
336
226674
120335
329472
191984
285670
497700
35420
768456
535060
472316
41202
89375
7392
740096
289296
733974
97825
404602
148032
126140
1012
588746
577304
377580
350560
16929
557194
178869
219926
363168
264020
329586
728980
52800
91134
149565
245214
98106
115068
30566
551862
101600
369056
824
388
150591
90906
90741
924242
60760
57222
398573
127880
48954
6042
281112
394479
459435
421515
3150
617175
754152
133837
6200
53664
319088
925155
18920
186592
11523
416704
298680
93132
532394
156468
672520
574875
141712
52353
631981
251280
64980
19710
148106
237250
238852
120192
242606
27750
761742
173910
231352
2145
428991
41280
82438
28032
552240
18768
975114
384938
1320
34782
116053
148281
40040
339624
654750
297108
167680
4620
403623
177021
35370
509139
355810
276892
265816
248518
130720
97856
38418
611135
303744
306506
477600
336336
515160
151497
3720
331881
167825
39936
194024
353118
5830
264882
21060
375774
21952
451197
152106
156183
27229
375732
149017
139080
311460
9212
251563
295812
79980
409794
160746
124384
215740
80568
258240
190302
78400
233550
158096
440
582558
70434
619216
387855
118464
27555
149917
324280
116246
117936
3401
2253
759900
319088
205632
485926
85560
764244
693344
9082
104920
22100
272384
18962
82467
407296
494239
105610
51516
205755
99696
42625
8094
124644
112530
148500
232254
530910
85680
17280
53105
307026
375936
32340
31417
195210
765648
218544
42103
106468
624268
180234
5910
63954
77686
108117
677350
93912
3783
446670
22960
456692
145122
715624
116202
41800
258594
331520
127986
91632
56943
103576
238419
931216
265108
20502
81400
523627
60955
177822
216310
204000
64400
33540
286280
110330
813440
127280
228920
271364
200269
298760
193952
284160
43165
20155
600642
212487
247105
281766
31552
11280
149884
411454
100464
160602
21390
159842
702305
138860
73216
143936
58542
100036
627070
43316
105398
119680
24416
389854
607946
39053
617750
251532
415170
73357
398453
7140
65160
280522
244440
250521
144008
399665
140044
543150
1588
363888
55110
381324
226341
590410
17986
195713
70416
167253
67160
348075
48941
170829
3432
143960
9303
17010
377568
501504
284139
268736
109991
814912
26884
316872
66
375375
20532
23415
35186
21892
527340
49950
555444
319267
224029
328848
103600
292928
287620
41245
18200
18411
215626
497490
180554
372006
191016
27360
663234
13464
87066
402124
22908
67670
354486
8694
108966
178364
363239
395760
317520
100254
620840
97586
157281
309744
376470
3252
170400
296322
113408
13843
25024
144041
236500
15678
202644
163240
102054
20735
444268
290088
19320
574409
43282
335780
285390
91142
19082
63252
112778
522000
13300
207090
646280
45506
158025
308580
198254
141752
1118
6525
662337
84732
28800
648480
164472
623224
75684
314170
356200
133023
208938
313167
69687
182825
356922
95680
9990
220988
128260
782008
246912
649472
474797
176154
25480
48756
175835
183546
548340
29822
156636
43188
135594
300188
877888
16968
111361
63838
127125
433974
1920
950336
155770
116000
316017
29079
290988
899294
93912
252301
1032
124218
267400
611968
49200
130720
316848
475080
365508
142805
9801
176120
146861
387068
7434
5396
517504
253011
839937
366748
14940
489840
96940
331485
149548
450585
316092
119016
195619
262352
350424
585900
348648
3432
508544
7000
558939
558954
172516
193224
255219
96354
163116
166440
296522
6990
269997
754992
798196
621504
169024
543939
364977
70005
46592
210160
44256
115416
9210
517860
115000
127410
126480
50184
759186
903108
149800
171288
199660
173420
752694
270480
174708
128019
70030
538265
317832
549118
8090
81270
76641
25760
122843
144387
72625
71932
1118
375336
89780
375440
15876
15341
235516
56560
509712
23937
4044
909588
139380
494758
32032
35108
79846
187596
513525
28188
160440
389500
671195
47904
74181
148221
423273
191807
162864
616546
109648
321314
380328
95985
369954
144818
18468
23256
414090
322224
142922
89391
280586
112350
172438
342953
226
346164
194020
165109
27675
30502
119637
276024
9434
83766
263516
282470
65771
44307
240
131138
409584
231648
539770
142154
606636
79092
889536
355488
7015
22295
175768
15196
9636
296301
292572
129656
15744
52020
694710
234821
483690
174408
282624
621437
318720
383672
1175
119623
61712
11201
94019
189471
41256
217899
160540
538113
447300
243528
410733
273089
493350
237276
15960
100694
132432
190533
378216
827106
228340
45924
591465
131131
252572
122622
514258
482023
380460
800591
245500
241274
27300
218680
135828
3050
641240
757350
254505
114985
404092
743540
227048
495521
362355
109043
5096
870098
36550
51220
263435
30704
69085
5940
772284
200032
702520
57474
43055
95589
238391
10526
37026
160992
862365
204930
732836
362780
181636
464476
227480
177636
31056
123648
561600
494315
94523
794535
219674
798836
249146
27734
105964
216029
83720
444672
61570
108252
20350
335147
23562
40504
254695
118314
163438
85176
100672
260043
346720
242440
36540
32109
80080
140442
558540
284032
53690
330444
155628
42375
107520
364444
247510
339600
752400
128853
12559
2300
585144
142129
147405
64911
190233
492156
369816
369369
606144
782460
244608
110366
292395
329184
498236
272052
16095
288192
185535
66816
97595
90896
273008
135124
50022
144160
350448
144474
7875
24472
9724
510748
857472
129306
16244
5100
82890
972000
654357
37329
103378
296098
645480
340938
119756
25630
385308
18727
5376
209875
46452
27637
96460
130725
171476
253954
141370
579880
203385
226142
87472
243183
114444
23650
74790
128448
235664
70560
141000
107424
48516
141120
21483
361608
163350
73458
274659
239540
359118
95424
123624
116235
387984
726180
290790
9288
223648
30885
172128
17646
757380
734052
63510
494450
122130
562100
238367
326112
108142
34577
86372
25675
143448
15939
109011
516912
67210
265174
704672
663300
176987
10863
124683
603585
349830
156519
950621
18252
15249
191252
744768
82611
250120
313956
257382
19159
208152
424650
875900
31992
154179
409180
413556
146944
485233
26010
100584
924176
551232
676914
460
290872
362278
188500
135303
634340
57520
114972
285156
36985
387714
16827
82875
213427
242277
48132
251485
759015
579012
366180
46830
193024
133308
291407
89950
380174
240408
134674
540705
659904
35404
799074
107642
326859
57086
41452
237540
259560
6230
805318
432718
215481
12368
8265
46500
55188
154583
283725
554346
97053
