100
141358
121304
165648
214420
458532
25760
50184
95140
239976
331916
7770
541500
158400
62972
318478
334342
72446
188385
29735
506025
31790
403248
133041
3553
63874
729172
580115
392262
126360
71574
746928
14480
9588
119009
492273
512676
441738
192231
223500
78390
240024
112914
22046
473110
39886
176972
260414
78870
382400
29870
323592
336265
640714
264216
517806
308568
334656
122846
119034
27702
66633
473364
249452
188940
75600
145225
135160
393054
109068
204035
335580
129168
39375
890036
327020
55440
313560
448102
65689
237632
443072
656098
95496
35955
647769
43032
417900
398970
17976
46767
915616
300377
171195
52598
627256
149604
194916
586300
86944
39618
