1000
432
2079
4420
6174
392
1044
6039
5394
2465
116
2960
1288
1488
825
2162
8827
413
3944
7821
4368
242
1674
1909
1025
3705
270
2709
644
2964
2
70
3132
58
72
1274
4644
7387
2244
660
324
5130
1875
7614
5208
200
5394
3312
1272
2058
4212
3256
896
602
2538
2352
1760
884
1911
2440
230
200
1008
1638
4717
5822
945
341
1827
6975
3128
2548
880
3290
3577
1652
315
1634
3293
1080
792
697
5561
544
1377
4680
1760
1380
4320
2376
450
3000
2772
2337
3486
4850
4872
840
3239
5976
2760
2800
2050
4136
36
4930
28
1798
210
2788
3740
8811
1421
44
481
644
3008
7830
3700
4144
380
2376
4416
27
8526
4158
3248
1224
70
6768
702
7920
559
598
1072
5544
2952
252
160
5220
495
1488
4672
5775
7178
3763
4275
621
2250
1628
7326
4128
2380
729
2964
1716
7144
1020
2346
2520
869
5642
3612
485
4104
437
4320
3300
420
572
1520
1120
4732
3968
252
2821
3500
3220
2450
4802
1760
970
3723
2340
1488
640
5244
5200
4550
3038
1080
4408
3294
7104
3042
3819
4346
2550
3404
329
4361
5445
4620
624
2646
3100
2040
420
1325
4118
1440
4042
1550
3213
4071
5159
2415
192
456
238
1575
8712
3526
936
72
264
3344
3956
2912
1980
6636
280
228
184
3600
2346
3168
1122
528
552
4779
6014
2592
166
36
2208
2898
3060
1026
1767
2584
550
5005
833
4048
1672
3888
648
722
6720
400
1925
4899
3315
99
3783
5250
1080
4292
6786
8148
480
6402
4928
1400
2800
2350
1380
3344
6708
704
1584
494
4500
2112
29
1608
1846
2548
1100
5084
2294
5929
6800
2760
88
924
870
924
2310
2760
5544
6290
146
2576
1323
714
946
4864
2747
3792
882
5859
621
750
256
504
2880
5880
884
2160
84
1204
30
1833
8536
481
4576
4446
2124
1288
8448
3825
4500
196
6528
1705
3995
2013
2592
3024
378
1886
882
4661
4047
648
1674
3886
6500
924
7315
1800
1210
840
736
3068
564
688
2432
774
752
1771
5248
2442
3204
1152
2436
388
567
8600
4428
9600
5376
884
795
660
920
6528
1472
4032
816
1504
2924
2522
560
5415
1848
2840
5544
574
3672
60
4277
4672
1050
7392
1870
2890
234
2706
2040
495
792
616
2288
1558
531
1386
480
1564
1540
3120
1407
2156
6384
752
2655
5850
3306
1650
1287
390
3024
3332
2976
969
1998
1272
3800
4350
714
420
1485
8370
5607
5200
2240
3285
2210
1550
4482
79
112
155
4752
1288
3393
2244
330
450
3201
2278
192
7636
693
1710
118
280
6499
4680
84
2255
219
5544
2808
2134
9800
4312
3630
2697
1736
2240
871
4272
4356
400
950
1500
4600
3485
25
5829
1300
1254
713
1209
6336
1980
3720
9504
306
1488
1710
639
902
4424
3168
96
1232
438
276
42
2262
5628
2958
2950
66
3834
3132
2952
240
60
1512
408
1890
1813
966
4692
2511
660
66
720
2816
5328
544
4094
2592
1248
140
1254
5576
1404
15
350
5917
42
3690
4277
3551
300
360
462
1482
495
1800
6045
1040
1764
738
504
4740
572
1541
312
6045
392
3120
2756
1825
2800
2058
8010
710
3168
4108
7387
78
2368
414
244
896
945
2726
2496
5106
3344
552
714
375
1152
540
455
2028
184
6097
2184
2145
1190
2301
7505
427
4788
7104
1150
1120
2079
123
332
90
20
252
1738
672
1508
1512
246
8544
1102
576
1596
5820
1672
1407
4914
1584
370
946
4656
6402
900
4209
9025
3648
3266
208
4048
2448
1584
2730
969
4368
1558
4488
3440
1748
7031
7654
432
407
90
348
328
3160
1116
2924
272
672
2162
67
3854
5760
261
3267
378
1800
4958
3300
3420
1334
7885
1443
3367
4136
2450
5200
1170
2596
8536
4416
3042
1479
1550
1271
248
3330
312
1334
1410
120
2754
3150
6300
216
24
497
2790
1664
3520
5940
6216
228
2440
1134
130
6860
3588
5146
42
288
720
7568
1512
6532
156
322
988
1764
9215
4884
1472
765
2952
2016
2016
6348
1564
3200
4536
5246
2508
3200
1827
168
2160
4455
1296
3431
1183
44
3071
2310
6300
132
730
2244
2028
525
779
2387
2430
4004
150
2688
1072
7275
2052
79
1736
2205
1512
810
96
6889
1872
736
483
5696
328
330
4760
68
2340
4850
9702
3384
5664
935
1504
6800
2940
5727
1419
1634
96
3135
2494
5185
4753
828
1650
3136
1239
4225
1806
582
2829
3726
660
3300
732
3408
5670
5292
2900
2130
4876
3672
9120
1230
525
4224
1200
4462
9500
3591
775
1260
1067
4928
600
176
540
3397
1568
2970
1160
9216
3128
4365
488
110
4230
6552
667
54
2475
1891
1260
1410
3008
1679
380
3740
1984
341
1342
667
1452
48
182
5310
184
3471
1587
93
4160
5865
5220
1722
5810
996
1495
3872
774
1708
88
2478
4224
7055
546
7735
1300
1680
3024
1462
4428
2850
360
2457
648
5016
70
6336
4653
261
7722
117
1606
1185
490
3783
1798
5915
1023
1690
935
2871
28
1235
2928
5096
1938
2870
3744
1550
6003
84
702
2585
396
5280
1215
760
900
7600
713
300
1875
1763
276
2754
1239
3705
2496
74
5073
2581
3456
4823
296
935
3584
585
5607
1360
912
2821
24
126
7290
1785
3872
2548
2800
8360
67
288
2079
3894
3060
4012
4656
2024
162
3978
276
1452
4992
603
572
2025
3569
297
7820
442
3078
2795
520
380
62
9212
4425
84
72
3900
2904
2013
5170
6097
6600
5
6624
6402
663
6888
1100
1053
2408
5185
104
1920
784
7000
392
2394
3770
6232
864
5141
2448
231
5184
1958
600
986
884
1971
2464
528
8700
